-0.62
0.09
-0.16
-1.90
1.06
-1.13
2.69
2.47
0.90
0.65
1.16
-0.88
-0.98
1.28
1.14
-0.84
-0.76
0.48
-1.40
-1.78
-0.22
1.20
-0.32
-2.84
2.16
1.56
0.20
0.91
2.15
0.54
0.07
-1.42
0.65
1.31
-0.89
-0.09
1.68
-1.10
1.39
-1.08
-0.43
0.56
-0.99
-0.30
0.60
0.30
-1.11
-0.41
-0.74
-2.71
0.56
0.46
1.46
-1.62
0.18
1.09
0.78
0.56
-0.68
0.54
-0.62
0.51
-1.22
1.74
1.31
0.63
0.21
-1.22
0.62
0.64
-0.30
0.95
0.75
1.74
-0.06
-1.13
-1.51
0.88
-0.95
0.43
-0.32
-0.63
-0.43
-0.86
0.54
1.32
-0.92
0.12
0.57
-0.68
1.16
0.43
-1.89
-0.94
-0.05
-0.43
1.72
0.80
-0.53
-0.52
-1.36
1.52
0.47
-1.36
-1.26
0.23
0.33
-0.43
2.16
-0.62
1.19
-0.39
-0.48
-0.45
0.28
0.27
0.87
-3.36
-0.03
-0.55
0.82
-0.75
-0.31
1.31
-0.21
0.45
-2.85
-0.93
-0.25
-0.51
0.82
0.29
-2.53
1.58
0.47
0.78
0.20
-0.30
-1.31
0.20
1.29
-0.83
1.54
0.85
-1.13
2.01
0.90
-0.10
1.24
-0.12
-0.01
-0.34
-0.26
0.18
-0.13
1.12
1.12
-0.28
-0.11
0.98
-1.44
-2.22
1.33
0.70
-0.67
-0.26
-0.95
-0.61
0.04
0.00
0.95
-0.33
-0.21
1.03
-0.49
-1.13
0.65
0.97
0.62
0.37
-0.86
0.47
0.87
-0.73
0.21
-0.28
-1.11
1.53
-1.84
-0.88
-0.23
0.84
-0.40
1.42
0.01
-1.83
-0.63
0.18
-0.59
-0.52
0.98
1.58
-1.19
-0.29
0.58
0.77
0.34
0.01
1.22
-1.56
0.01
0.95
1.69
0.68
-1.61
-0.36
0.34
-0.06
-0.56
-0.04
-0.59
0.21
0.66
-0.56
-1.60
-0.51
0.91
0.30
0.53
0.29
-0.56
-0.41
0.05
1.58
0.47
-0.83
-0.72
-0.52
1.30
1.10
-0.36
-0.78
-1.50
-0.25
0.58
-0.41
0.26
-0.13
0.01
-0.54
1.20
0.77
-0.85
-1.22
1.44
0.67
-1.47
1.49
0.46
1.18
0.65
-2.63
0.61
-0.02
-0.47
-0.03
-3.46
0.43
0.79
-1.28
-1.41
-0.65
0.80
-1.79
-0.06
-1.05
-0.96
-0.06
-0.35
-0.02
1.21
-1.97
0.58
1.24
1.00
0.64
-0.90
0.77
-2.99
-0.26
-0.38
2.05
1.37
-1.59
2.12
0.22
-0.47
-0.28
-0.62
-0.09
-1.56
-0.59
-0.75
-2.00
1.69
1.63
-0.52
-1.00
-0.10
-1.07
-1.86
1.30
1.43
0.02
0.41
-2.94
0.88
0.39
0.15
0.95
-1.47
-3.20
1.43
-1.22
1.09
0.32
0.82
-0.26
-0.84
-2.01
2.02
1.38
-2.95
0.88
1.10
1.80
0.89
-3.51
-0.56
-0.32
-0.41
-0.15
1.25
0.22
-1.14
0.01
0.88
-2.49
-0.83
1.86
-0.39
-1.57
-0.63
1.07
0.48
0.84
0.11
1.52
-1.65
1.84
1.38
0.41
0.04
0.44
-0.72
-0.35
-0.12
1.21
0.05
0.55
-0.55
1.14
-1.34
-1.33
-0.80
0.29
0.46
1.33
-0.38
1.13
-0.60
0.49
1.79
-0.71
-0.02
-0.79
-0.31
0.13
0.89
-0.37
-0.32
0.77
0.47
-2.47
-0.32
0.66
0.71
0.24
-1.75
0.65
-0.56
-0.03
0.06
1.98
0.13
-0.06
2.10
1.14
1.33
-1.20
-0.82
-0.49
-1.06
-2.01
0.05
-3.25
-0.85
0.20
-0.09
-2.03
0.13
0.59
-1.09
-1.35
-2.85
-1.13
-1.35
0.24
0.53
-1.09
-3.31
0.78
0.88
0.46
-0.81
-0.91
-0.11
-0.26
1.93
-0.30
1.04
-0.21
-1.40
2.09
0.20
1.06
-1.64
-0.65
0.83
0.30
2.12
0.47
-0.46
-0.54
2.29
0.98
1.40
0.94
-3.87
-1.07
1.59
0.79
0.43
-0.06
1.63
-1.60
0.16
0.49
1.00
-2.80
0.07
0.75
0.70
0.96
1.44
1.10
1.34
-1.19
-2.00
1.34
0.49
-2.10
0.64
1.15
2.18
3.64
-3.05
-0.84
-0.84
1.02
-1.78
0.39
0.05
-2.27
-0.79
-2.27
-1.49
0.01
2.58
2.07
-0.37
-0.10
-1.28
-0.69
0.81
-1.95
1.48
-0.75
0.75
1.44
0.58
-0.33
1.10
-2.76
0.47
0.64
0.37
2.81
0.18
0.39
1.13
-0.94
-1.19
-0.52
1.59
-0.54
-0.73
-1.03
-0.56
0.26
0.28
1.67
-1.03
-0.73
-0.18
0.41
-0.81
1.06
0.05
0.03
0.35
0.79
1.15
0.30
0.51
1.78
-1.34
-0.90
-0.12
-0.31
-0.90
-0.56
2.58
-0.46
-0.37
1.27
1.48
0.24
-1.17
-0.88
-0.65
-1.60
-0.60
-0.46
-1.41
0.39
1.42
0.11
-2.69
-0.03
2.18
-0.01
-1.55
-2.06
-2.29
-2.63
-1.72
0.91
-1.55
-2.80
2.10
1.76
-0.18
-0.48
-0.48
-1.91
-1.22
1.17
-0.35
0.56
1.06
1.88
3.02
-0.65
0.01
0.98
0.04
0.50
-1.34
1.40
-0.11
-0.47
1.35
1.19
1.29
0.75
0.75
-1.71
0.10
0.10
1.22
-0.56
0.35
1.47
0.18
0.01
0.54
-0.58
-1.12
-0.19
0.35
0.28
1.37
1.76
-0.86
0.65
-3.23
-1.59
-0.11
-0.76
-0.76
0.08
1.41
0.92
1.00
-1.68
-1.03
-0.57
0.18
0.07
0.09
-0.74
-1.12
-0.56
-1.21
1.22
0.43
2.40
1.09
-0.96
-0.40
-0.01
-0.76
-0.01
1.19
-0.30
-0.28
0.62
-0.09
-1.20
0.47
1.66
0.09
0.74
-0.76
-0.46
0.27
0.19
1.18
-0.10
-1.39
-0.75
0.25
0.25
0.02
0.02
-1.19
-1.24
0.35
-0.68
0.55
-1.29
0.67
-2.72
0.15
0.88
1.44
-1.18
-1.39
0.14
0.30
0.18
1.10
0.14
-0.02
-0.03
-0.71
-0.41
1.21
-0.78
0.04
0.88
-1.52
0.25
1.24
0.51
0.50
-1.18
1.50
0.46
-0.35
0.82
-0.74
0.79
-0.03
-0.15
-0.63
-2.12
1.09
1.45
1.41
-1.74
0.06
-0.59
-1.26
-0.91
0.46
-2.41
0.17
0.44
0.42
-0.84
-1.54
-0.85
1.22
-1.46
-0.96
-0.30
-0.25
-0.86
0.85
0.46
-0.38
0.90
0.69
-0.82
-0.48
-2.20
1.53
-1.10
0.24
2.45
-3.09
-1.92
2.57
1.98
-4.34
-0.59
1.85
0.97
-0.78
-1.75
0.26
0.98
-1.91
0.43
0.46
-2.16
2.49
0.45
-0.28
2.25
2.15
-0.01
-1.26
-2.99
-0.16
-0.51
-1.43
3.10
2.30
0.24
-0.22
-1.01
-2.29
-0.71
0.45
-0.63
2.63
2.49
-1.55
-0.99
-0.60
-2.64
2.68
0.75
2.39
-0.78
-1.46
0.40
4.07
0.45
-0.17
0.84
-0.82
-1.05
0.91
-1.15
0.06
-0.84
2.23
-0.26
-0.68
1.12
-0.42
-0.37
0.22
2.01
-0.37
-2.49
-1.89
0.80
-1.13
-0.61
0.80
-1.32
0.16
-0.76
-1.60
3.06
-0.52
0.78
-0.47
-0.49
1.63
1.26
-0.37
-0.27
-0.96
-0.47
-0.53
0.37
-1.30
0.72
-1.63
0.14
0.67
1.27
-0.24
1.02
0.21
-1.68
1.22
0.14
1.69
-0.16
-2.33
0.40
0.58
-0.68
1.28
-2.49
-0.58
-1.22
-1.39
1.01
-2.69
-0.20
0.81
-0.07
-0.79
-1.82
-2.18
-1.46
-0.31
1.60
-3.02
1.05
0.00
-0.87
-0.19
-1.02
-1.75
-1.91
0.11
-0.98
0.14
0.34
-0.45
0.24
-0.04
-1.51
1.45
-0.37
-0.34
0.44
-0.40
1.42
0.17
0.31
2.30
-1.14
-0.14
-0.49
-0.51
-0.96
1.60
2.19
0.21
-0.51
-2.13
-1.01
-0.28
-0.45
0.74
0.53
-1.64
0.18
-0.23
-0.58
0.78
1.88
0.47
-0.75
-1.39
-0.19
0.65
-0.53
1.02
1.51
0.21
0.60
-0.87
-2.11
0.68
-0.03
1.43
1.08
2.07
-1.26
-0.05
-0.12
-0.97
2.53
2.57
2.83
-1.38
-0.87
0.92
0.29
0.23
-1.11
0.78
-1.31
-0.09
0.17
-0.02
0.21
-0.40
0.98
-1.52
0.38
0.30
-0.02
0.43
-0.53
1.87
0.84
-1.50
-2.00
-0.08
0.30
-0.85
0.39
-0.99
0.98
0.09
-0.15
2.14
-1.33
0.51
-0.06
0.36
1.80
1.19
0.18
0.23
-0.47
0.50
0.18
-0.04
-0.13
0.62
-2.32
-0.15
0.18
0.77
-0.73
-0.52
0.17
-1.84
0.63
1.23
2.13
-1.24
-1.45
0.53
-0.76
-0.14
0.87
-1.89
-0.70
0.12
-0.20
0.24
-1.82
1.17
0.95
0.57
-0.07
-0.63
-1.06
-1.70
0.44
0.70
-0.91
1.49
0.52
-0.34
-0.27
-0.70
0.26
-0.72
0.06
-0.90
-0.44
0.20
0.18
1.95
1.11
-0.15
0.76
-0.26
0.36
0.34
-1.41
0.94
0.98
0.38
0.99
-0.59
0.75
-0.21
1.08
-1.06
1.12
2.20
1.26
-1.39
-2.74
0.06
-0.63
-1.13
1.33
0.33
-1.09
0.05
-0.42
-1.20
0.48
0.60
-1.40
-1.02
-2.55
-0.11
0.72
-1.18
0.75
0.80
-1.09
-0.15
-0.11
-0.96
1.43
-1.05
0.20
0.89
0.89
-1.41
-0.94
-0.92
-1.84
1.30
1.51
3.48
-0.64
-0.90
0.44
-0.88
-0.28
-2.14
0.88
-1.24
-0.92
-0.75
0.80
-0.17
-0.39
-0.50
-0.90
-0.23
-2.44
0.00
-1.00
0.20
1.24
-0.11
-2.11
-2.20
0.30
0.69
0.13
1.06
-0.64
0.66
-0.55
-0.64
1.14
-0.75
-0.38
-1.89
0.90
1.38
1.05
-1.08
0.72
-0.68
0.53
-0.16
0.26
-0.43
1.32
-1.37
0.19
0.44
-0.20
-0.71
0.31
1.42
-1.12
1.18
0.56
2.03
-1.46
-1.42
0.12
-0.69
-0.06
0.40
-2.66
-0.37
0.10
0.66
-0.85
-1.67
1.36
-0.82
-0.71
-1.07
-0.01
-1.73
-2.03
-0.11
0.33
-2.31
0.83
-0.03
0.48
-1.01
-1.62
-0.35
-0.90
-0.97
-1.75
0.01
0.64
-0.59
1.77
0.07
-0.74
-0.23
-1.42
-0.18
0.12
-1.23
0.12
0.00
0.58
3.14
-2.13
2.03
0.83
0.98
-1.71
1.70
1.80
0.73
-1.35
-1.44
-0.81
-0.70
-0.43
1.28
0.45
-0.94
1.05
0.88
-1.08
0.01
1.21
-0.24
-0.52
-1.88
0.00
0.88
-0.19
-1.61
-1.58
-1.76
0.81
-0.01
-0.70
1.75
-0.07
1.67
0.06
1.46
-0.88
-0.40
-0.95
-1.47
1.34
0.42
2.84
-0.85
-0.59
0.47
0.46
0.46
-1.46
0.74
-0.66
0.12
-0.07
0.74
-0.07
-0.72
0.35
-0.86
0.17
-0.64
0.59
0.23
0.04
0.69
-0.95
-1.95
-0.83
0.82
0.53
0.22
0.80
-1.58
1.10
-0.76
0.17
0.63
-1.17
-0.24
-1.35
0.17
1.40
0.06
-1.01
-0.34
-0.01
0.65
0.11
0.53
-0.60
1.29
-1.41
-0.24
0.44
-0.36
-1.10
1.18
1.51
-1.48
1.27
1.16
2.15
-1.29
-0.95
0.06
0.11
-0.54
0.52
-2.12
0.91
0.17
0.00
-0.53
-1.13
1.92
0.52
-0.78
-1.64
0.06
-0.78
-1.70
0.28
0.66
-1.55
1.04
-0.07
0.97
0.11
-0.66
-0.18
-0.31
0.34
-0.60
0.12
1.26
0.35
2.44
0.96
0.22
0.41
-0.78
0.07
-0.56
-1.24
0.85
-0.58
-0.14
1.90
-1.78
2.19
0.93
-1.00
-1.70
0.94
1.53
0.56
-2.60
-0.09
0.36
0.38
-1.92
1.30
0.51
-1.61
0.29
0.17
0.05
0.85
0.63
0.31
-0.82
-2.01
0.10
0.34
0.74
-2.13
-2.69
-0.77
0.30
-0.11
-0.83
0.81
-0.43
0.72
0.20
1.04
-1.30
-0.97
-1.02
-0.73
0.95
0.36
1.51
-0.62
-1.25
-0.69
0.97
0.55
-0.72
0.63
-1.50
0.24
-0.55
0.77
0.80
0.46
-1.00
-0.69
0.17
0.38
0.60
-0.11
-0.39
1.37
-1.71
-1.80
-2.29
0.70
0.79
-1.03
0.21
-1.38
-0.35
0.54
0.38
1.68
-1.44
0.12
-0.18
0.09
1.51
1.92
-0.09
-0.56
0.34
-0.20
-0.73
0.95
-1.46
1.26
-1.22
-0.33
-0.17
-0.35
-1.35
0.74
1.75
-1.13
0.85
0.72
1.67
0.13
-1.39
-0.76
-0.37
-0.34
-0.71
-2.20
0.34
-0.61
-0.76
0.54
-0.69
1.35
0.61
-0.17
-1.55
-2.03
-1.57
-1.58
-0.34
0.26
-1.69
1.01
0.95
0.87
-0.38
-0.79
-0.26
-0.42
1.12
-1.52
0.44
1.52
-1.66
1.80
0.91
0.17
-0.34
-0.92
1.10
-0.65
-1.49
0.56
-0.86
-0.02
3.09
-0.36
0.53
-1.54
-0.46
-1.31
1.39
0.76
0.74
0.49
0.21
0.19
-0.26
-1.55
0.88
-0.63
-1.37
1.92
0.16
-0.49
-0.88
0.83
-0.89
-0.47
-1.26
-0.96
0.02
1.66
-0.75
-0.95
-0.26
-0.05
-1.81
-1.81
1.95
-0.58
0.09
0.74
1.74
-0.81
0.12
-1.25
-0.47
-1.74
0.77
1.93
0.02
-1.23
-0.19
0.76
0.76
-1.41
1.02
-0.97
0.07
-0.91
0.21
0.95
0.30
-0.37
-0.61
0.53
1.21
0.30
-1.55
-0.46
-0.07
-0.96
-0.77
-1.09
-0.64
0.22
-0.84
-0.45
-0.25
0.75
0.19
-0.77
0.89
-0.98
-0.22
-0.36
0.16
1.38
0.11
-1.23
-0.61
0.90
0.60
0.68
0.27
-0.93
-0.06
-1.86
-0.20
-0.57
-0.44
-0.18
1.85
0.55
-0.38
2.85
-0.42
1.25
0.76
-1.56
-0.28
-0.61
-0.47
0.07
-3.25
-0.12
0.12
-0.35
-1.57
-0.07
1.92
-0.38
-0.68
-0.77
-0.84
-0.13
-0.81
-0.02
-0.21
-1.31
1.01
1.22
2.02
0.64
-0.60
-0.32
-1.05
-0.42
0.05
0.82
1.64
-0.67
1.62
1.41
0.33
0.75
-1.08
-0.16
-0.89
0.52
0.42
-1.29
0.97
2.80
1.33
1.28
-0.54
-0.45
-1.52
1.89
-0.71
-0.33
0.70
1.04
-1.77
-1.50
0.47
1.51
0.45
-0.40
2.35
-0.04
-0.62
0.30
-0.50
0.07
-1.00
-1.69
1.04
0.42
-0.44
-0.73
-0.32
-0.45
1.66
0.18
-1.57
0.30
0.65
-0.71
0.41
1.66
-0.27
-1.01
-0.89
0.17
0.99
1.62
2.40
-1.00
-1.12
0.99
0.81
1.21
0.13
0.48
-0.89
0.59
0.75
1.20
0.53
-0.27
0.81
0.25
0.81
-0.38
-0.56
-0.04
0.64
1.42
-1.07
-3.38
-1.07
1.42
-1.06
0.36
0.63
-0.71
0.47
-0.72
0.77
2.46
-0.90
-1.40
-0.61
1.31
0.91
0.99
-0.44
-0.84
0.81
0.63
1.31
-0.10
-1.35
-0.49
0.02
-0.61
-0.78
0.13
0.24
1.83
0.15
-1.47
1.76
-0.14
2.05
-0.48
-1.23
-0.21
-0.90
-0.21
0.41
-2.48
-0.17
-0.24
0.12
-1.64
-0.66
1.09
-0.62
-0.38
-2.02
-0.71
0.07
-1.41
-0.72
0.71
-1.12
1.32
1.37
0.77
-1.06
-1.30
0.92
-0.94
0.01
-0.39
1.49
1.43
-0.95
2.90
2.45
-0.77
-0.05
-0.72
